3.00000e+00, 4.05894e+00, 1.11756e+01
3.01000e+00, 4.05995e+00, 1.12080e+01
3.02000e+00, 4.06095e+00, 1.12404e+01
3.03000e+00, 4.06193e+00, 1.12729e+01
3.04000e+00, 4.06289e+00, 1.13054e+01
3.05000e+00, 4.06384e+00, 1.13380e+01
3.06000e+00, 4.06477e+00, 1.13706e+01
3.07000e+00, 4.06569e+00, 1.14032e+01
3.08000e+00, 4.06659e+00, 1.14359e+01
3.09000e+00, 4.06748e+00, 1.14686e+01
3.10000e+00, 4.06836e+00, 1.15014e+01
3.11000e+00, 4.06922e+00, 1.15342e+01
3.12000e+00, 4.07007e+00, 1.15670e+01
3.13000e+00, 4.07091e+00, 1.15999e+01
3.14000e+00, 4.07174e+00, 1.16328e+01
3.15000e+00, 4.07256e+00, 1.16657e+01
3.16000e+00, 4.07337e+00, 1.16987e+01
3.17000e+00, 4.07417e+00, 1.17318e+01
3.18000e+00, 4.07496e+00, 1.17648e+01
3.19000e+00, 4.07574e+00, 1.17980e+01
3.20000e+00, 4.07652e+00, 1.18311e+01
3.21000e+00, 4.07728e+00, 1.18643e+01
3.22000e+00, 4.07804e+00, 1.18975e+01
3.23000e+00, 4.07879e+00, 1.19308e+01
3.24000e+00, 4.07953e+00, 1.19641e+01
3.25000e+00, 4.08027e+00, 1.19974e+01
3.26000e+00, 4.08101e+00, 1.20308e+01
3.27000e+00, 4.08173e+00, 1.20642e+01
3.28000e+00, 4.08246e+00, 1.20977e+01
3.29000e+00, 4.08317e+00, 1.21312e+01
3.30000e+00, 4.08389e+00, 1.21647e+01
3.31000e+00, 4.08460e+00, 1.21983e+01
3.32000e+00, 4.08531e+00, 1.22319e+01
3.33000e+00, 4.08601e+00, 1.22655e+01
3.34000e+00, 4.08671e+00, 1.22992e+01
3.35000e+00, 4.08741e+00, 1.23329e+01
3.36000e+00, 4.08811e+00, 1.23667e+01
3.37000e+00, 4.08881e+00, 1.24005e+01
3.38000e+00, 4.08951e+00, 1.24343e+01
3.39000e+00, 4.09020e+00, 1.24682e+01
3.40000e+00, 4.09090e+00, 1.25021e+01
3.41000e+00, 4.09160e+00, 1.25360e+01
3.42000e+00, 4.09230e+00, 1.25700e+01
3.43000e+00, 4.09300e+00, 1.26040e+01
3.44000e+00, 4.09370e+00, 1.26380e+01
3.45000e+00, 4.09440e+00, 1.26721e+01
3.46000e+00, 4.09510e+00, 1.27062e+01
3.47000e+00, 4.09581e+00, 1.27404e+01
3.48000e+00, 4.09652e+00, 1.27746e+01
3.49000e+00, 4.09723e+00, 1.28088e+01
3.50000e+00, 4.09795e+00, 1.28431e+01
3.51000e+00, 4.09867e+00, 1.28774e+01
3.52000e+00, 4.09939e+00, 1.29117e+01
3.53000e+00, 4.10012e+00, 1.29460e+01
3.54000e+00, 4.10086e+00, 1.29804e+01
3.55000e+00, 4.10160e+00, 1.30149e+01
3.56000e+00, 4.10234e+00, 1.30493e+01
3.57000e+00, 4.10309e+00, 1.30838e+01
3.58000e+00, 4.10385e+00, 1.31184e+01
3.59000e+00, 4.10461e+00, 1.31529e+01
3.60000e+00, 4.10538e+00, 1.31875e+01
3.61000e+00, 4.10616e+00, 1.32222e+01
3.62000e+00, 4.10694e+00, 1.32568e+01
3.63000e+00, 4.10773e+00, 1.32915e+01
3.64000e+00, 4.10853e+00, 1.33263e+01
3.65000e+00, 4.10934e+00, 1.33610e+01
3.66000e+00, 4.11016e+00, 1.33958e+01
3.67000e+00, 4.11098e+00, 1.34307e+01
3.68000e+00, 4.11182e+00, 1.34655e+01
3.69000e+00, 4.11266e+00, 1.35004e+01
3.70000e+00, 4.11351e+00, 1.35353e+01
3.71000e+00, 4.11437e+00, 1.35703e+01
3.72000e+00, 4.11525e+00, 1.36053e+01
3.73000e+00, 4.11613e+00, 1.36403e+01
3.74000e+00, 4.11702e+00, 1.36754e+01
3.75000e+00, 4.11793e+00, 1.37104e+01
3.76000e+00, 4.11884e+00, 1.37455e+01
3.77000e+00, 4.11977e+00, 1.37807e+01
3.78000e+00, 4.12070e+00, 1.38159e+01
3.79000e+00, 4.12165e+00, 1.38511e+01
3.80000e+00, 4.12262e+00, 1.38863e+01
3.81000e+00, 4.12359e+00, 1.39215e+01
3.82000e+00, 4.12458e+00, 1.39568e+01
3.83000e+00, 4.12557e+00, 1.39922e+01
3.84000e+00, 4.12659e+00, 1.40275e+01
3.85000e+00, 4.12761e+00, 1.40629e+01
3.86000e+00, 4.12865e+00, 1.40983e+01
3.87000e+00, 4.12970e+00, 1.41337e+01
3.88000e+00, 4.13076e+00, 1.41692e+01
3.89000e+00, 4.13184e+00, 1.42047e+01
3.90000e+00, 4.13294e+00, 1.42402e+01
3.91000e+00, 4.13404e+00, 1.42757e+01
3.92000e+00, 4.13517e+00, 1.43113e+01
3.93000e+00, 4.13630e+00, 1.43469e+01
3.94000e+00, 4.13745e+00, 1.43825e+01
3.95000e+00, 4.13862e+00, 1.44182e+01
3.96000e+00, 4.13980e+00, 1.44538e+01
3.97000e+00, 4.14100e+00, 1.44895e+01
3.98000e+00, 4.14221e+00, 1.45253e+01
3.99000e+00, 4.14344e+00, 1.45610e+01
4.00000e+00, 4.14469e+00, 1.45968e+01
4.01000e+00, 4.14595e+00, 1.46326e+01
4.02000e+00, 4.14722e+00, 1.46684e+01
4.03000e+00, 4.14852e+00, 1.47043e+01
4.04000e+00, 4.14983e+00, 1.47402e+01
4.05000e+00, 4.15115e+00, 1.47761e+01
4.06000e+00, 4.15250e+00, 1.48120e+01
4.07000e+00, 4.15386e+00, 1.48480e+01
4.08000e+00, 4.15523e+00, 1.48840e+01
4.09000e+00, 4.15663e+00, 1.49200e+01
4.10000e+00, 4.15804e+00, 1.49560e+01
4.11000e+00, 4.15947e+00, 1.49921e+01
4.12000e+00, 4.16092e+00, 1.50281e+01
4.13000e+00, 4.16239e+00, 1.50642e+01
4.14000e+00, 4.16387e+00, 1.51004e+01
4.15000e+00, 4.16537e+00, 1.51365e+01
4.16000e+00, 4.16689e+00, 1.51727e+01
4.17000e+00, 4.16843e+00, 1.52089e+01
4.18000e+00, 4.16999e+00, 1.52451e+01
4.19000e+00, 4.17157e+00, 1.52813e+01
4.20000e+00, 4.17316e+00, 1.53176e+01
4.21000e+00, 4.17477e+00, 1.53538e+01
4.22000e+00, 4.17641e+00, 1.53901e+01
4.23000e+00, 4.17806e+00, 1.54265e+01
4.24000e+00, 4.17973e+00, 1.54628e+01
4.25000e+00, 4.18142e+00, 1.54992e+01
4.26000e+00, 4.18313e+00, 1.55355e+01
4.27000e+00, 4.18486e+00, 1.55719e+01
4.28000e+00, 4.18661e+00, 1.56084e+01
4.29000e+00, 4.18838e+00, 1.56448e+01
4.30000e+00, 4.19017e+00, 1.56813e+01
4.31000e+00, 4.19198e+00, 1.57178e+01
4.32000e+00, 4.19381e+00, 1.57543e+01
4.33000e+00, 4.19566e+00, 1.57908e+01
4.34000e+00, 4.19753e+00, 1.58273e+01
4.35000e+00, 4.19942e+00, 1.58639e+01
4.36000e+00, 4.20133e+00, 1.59005e+01
4.37000e+00, 4.20326e+00, 1.59371e+01
4.38000e+00, 4.20521e+00, 1.59737e+01
4.39000e+00, 4.20719e+00, 1.60103e+01
4.40000e+00, 4.20918e+00, 1.60470e+01
4.41000e+00, 4.21119e+00, 1.60837e+01
4.42000e+00, 4.21323e+00, 1.61204e+01
4.43000e+00, 4.21529e+00, 1.61571e+01
4.44000e+00, 4.21736e+00, 1.61938e+01
4.45000e+00, 4.21946e+00, 1.62305e+01
4.46000e+00, 4.22158e+00, 1.62673e+01
4.47000e+00, 4.22373e+00, 1.63041e+01
4.48000e+00, 4.22589e+00, 1.63409e+01
4.49000e+00, 4.22807e+00, 1.63777e+01
4.50000e+00, 4.23028e+00, 1.64145e+01
4.51000e+00, 4.23251e+00, 1.64514e+01
4.52000e+00, 4.23475e+00, 1.64882e+01
4.53000e+00, 4.23703e+00, 1.65251e+01
4.54000e+00, 4.23932e+00, 1.65620e+01
4.55000e+00, 4.24163e+00, 1.65989e+01
4.56000e+00, 4.24397e+00, 1.66358e+01
4.57000e+00, 4.24633e+00, 1.66727e+01
4.58000e+00, 4.24871e+00, 1.67097e+01
4.59000e+00, 4.25111e+00, 1.67467e+01
4.60000e+00, 4.25353e+00, 1.67837e+01
4.61000e+00, 4.25598e+00, 1.68206e+01
4.62000e+00, 4.25845e+00, 1.68577e+01
4.63000e+00, 4.26094e+00, 1.68947e+01
4.64000e+00, 4.26345e+00, 1.69317e+01
4.65000e+00, 4.26599e+00, 1.69688e+01
4.66000e+00, 4.26855e+00, 1.70059e+01
4.67000e+00, 4.27113e+00, 1.70429e+01
4.68000e+00, 4.27373e+00, 1.70800e+01
4.69000e+00, 4.27636e+00, 1.71171e+01
4.70000e+00, 4.27901e+00, 1.71543e+01
4.71000e+00, 4.28168e+00, 1.71914e+01
4.72000e+00, 4.28437e+00, 1.72285e+01
4.73000e+00, 4.28709e+00, 1.72657e+01
4.74000e+00, 4.28982e+00, 1.73029e+01
4.75000e+00, 4.29259e+00, 1.73401e+01
4.76000e+00, 4.29537e+00, 1.73773e+01
4.77000e+00, 4.29818e+00, 1.74145e+01
4.78000e+00, 4.30101e+00, 1.74517e+01
4.79000e+00, 4.30386e+00, 1.74889e+01
4.80000e+00, 4.30673e+00, 1.75262e+01
4.81000e+00, 4.30963e+00, 1.75634e+01
4.82000e+00, 4.31255e+00, 1.76007e+01
4.83000e+00, 4.31550e+00, 1.76380e+01
4.84000e+00, 4.31846e+00, 1.76753e+01
4.85000e+00, 4.32145e+00, 1.77126e+01
4.86000e+00, 4.32447e+00, 1.77499e+01
4.87000e+00, 4.32750e+00, 1.77872e+01
4.88000e+00, 4.33056e+00, 1.78246e+01
4.89000e+00, 4.33364e+00, 1.78619e+01
4.90000e+00, 4.33675e+00, 1.78993e+01
4.91000e+00, 4.33988e+00, 1.79366e+01
4.92000e+00, 4.34303e+00, 1.79740e+01
4.93000e+00, 4.34620e+00, 1.80114e+01
4.94000e+00, 4.34940e+00, 1.80488e+01
4.95000e+00, 4.35262e+00, 1.80862e+01
4.96000e+00, 4.35586e+00, 1.81236e+01
4.97000e+00, 4.35913e+00, 1.81610e+01
4.98000e+00, 4.36242e+00, 1.81985e+01
4.99000e+00, 4.36573e+00, 1.82359e+01
