%% wavelength, n, k
    0.2500000000  1.51746200e+00  2.60000000e-04  
    0.2550000000  1.51522800e+00  2.40000000e-04  
    0.2600000000  1.51313600e+00  2.22000000e-04  
    0.2650000000  1.51117300e+00  2.06000000e-04  
    0.2700000000  1.50932900e+00  1.91000000e-04  
    0.2750000000  1.50759500e+00  1.79000000e-04  
    0.2800000000  1.50596100e+00  1.67000000e-04  
    0.2850000000  1.50442100e+00  1.57000000e-04  
    0.2900000000  1.50296600e+00  1.48000000e-04  
    0.2950000000  1.50159000e+00  1.39000000e-04  
    0.3000000000  1.50028800e+00  1.32000000e-04  
    0.3050000000  1.49905500e+00  1.25000000e-04  
    0.3100000000  1.49788500e+00  1.18000000e-04  
    0.3150000000  1.49677400e+00  1.12000000e-04  
    0.3200000000  1.49571900e+00  1.07000000e-04  
    0.3250000000  1.49471500e+00  1.02000000e-04  
    0.3300000000  1.49375900e+00  0.00000000e+00  
    0.3350000000  1.49284900e+00  0.00000000e+00  
    0.3400000000  1.49198100e+00  0.00000000e+00  
    0.3450000000  1.49115200e+00  0.00000000e+00  
    0.3500000000  1.49036100e+00  0.00000000e+00  
    0.3550000000  1.48960500e+00  0.00000000e+00  
    0.3600000000  1.48888200e+00  0.00000000e+00  
    0.3650000000  1.48818900e+00  0.00000000e+00  
    0.3700000000  1.48752700e+00  0.00000000e+00  
    0.3750000000  1.48689100e+00  0.00000000e+00  
    0.3800000000  1.48628200e+00  0.00000000e+00  
    0.3850000000  1.48569800e+00  0.00000000e+00  
    0.3900000000  1.48513700e+00  0.00000000e+00  
    0.3950000000  1.48459800e+00  0.00000000e+00  
    0.4000000000  1.48408000e+00  0.00000000e+00  
    0.4050000000  1.48358200e+00  0.00000000e+00  
    0.4100000000  1.48310200e+00  0.00000000e+00  
    0.4150000000  1.48264100e+00  0.00000000e+00  
    0.4200000000  1.48219700e+00  0.00000000e+00  
    0.4250000000  1.48176800e+00  0.00000000e+00  
    0.4300000000  1.48135600e+00  0.00000000e+00  
    0.4350000000  1.48095800e+00  0.00000000e+00  
    0.4400000000  1.48057300e+00  0.00000000e+00  
    0.4450000000  1.48020300e+00  0.00000000e+00  
    0.4500000000  1.47984400e+00  0.00000000e+00  
    0.4550000000  1.47949800e+00  0.00000000e+00  
    0.4600000000  1.47916400e+00  0.00000000e+00  
    0.4650000000  1.47884100e+00  0.00000000e+00  
    0.4700000000  1.47852800e+00  0.00000000e+00  
    0.4750000000  1.47822500e+00  0.00000000e+00  
    0.4800000000  1.47793200e+00  0.00000000e+00  
    0.4850000000  1.47764900e+00  0.00000000e+00  
    0.4900000000  1.47737400e+00  0.00000000e+00  
    0.4950000000  1.47710700e+00  0.00000000e+00  
    0.5000000000  1.47684900e+00  0.00000000e+00  
    0.5050000000  1.47659900e+00  0.00000000e+00  
    0.5100000000  1.47635600e+00  0.00000000e+00  
    0.5150000000  1.47612100e+00  0.00000000e+00  
    0.5200000000  1.47589200e+00  0.00000000e+00  
    0.5250000000  1.47567000e+00  0.00000000e+00  
    0.5300000000  1.47545500e+00  0.00000000e+00  
    0.5350000000  1.47524500e+00  0.00000000e+00  
    0.5400000000  1.47504200e+00  0.00000000e+00  
    0.5450000000  1.47484400e+00  0.00000000e+00  
    0.5500000000  1.47465200e+00  0.00000000e+00  
    0.5550000000  1.47446400e+00  0.00000000e+00  
    0.5600000000  1.47428300e+00  0.00000000e+00  
    0.5650000000  1.47410600e+00  0.00000000e+00  
    0.5700000000  1.47393300e+00  0.00000000e+00  
    0.5750000000  1.47376600e+00  0.00000000e+00  
    0.5800000000  1.47360200e+00  0.00000000e+00  
    0.5850000000  1.47344300e+00  0.00000000e+00  
    0.5900000000  1.47328800e+00  0.00000000e+00  
    0.5950000000  1.47313700e+00  0.00000000e+00  
    0.6000000000  1.47299000e+00  0.00000000e+00  
    0.6050000000  1.47284700e+00  0.00000000e+00  
    0.6100000000  1.47270700e+00  0.00000000e+00  
    0.6150000000  1.47257000e+00  0.00000000e+00  
    0.6200000000  1.47243700e+00  0.00000000e+00  
    0.6250000000  1.47230700e+00  0.00000000e+00  
    0.6300000000  1.47218100e+00  0.00000000e+00  
    0.6350000000  1.47205700e+00  0.00000000e+00  
    0.6400000000  1.47193600e+00  0.00000000e+00  
    0.6450000000  1.47181800e+00  0.00000000e+00  
    0.6500000000  1.47170300e+00  0.00000000e+00  
    0.6550000000  1.47159100e+00  0.00000000e+00  
    0.6600000000  1.47148100e+00  0.00000000e+00  
    0.6650000000  1.47137300e+00  0.00000000e+00  
    0.6700000000  1.47126800e+00  0.00000000e+00  
    0.6750000000  1.47116600e+00  0.00000000e+00  
    0.6800000000  1.47106500e+00  0.00000000e+00  
    0.6850000000  1.47096700e+00  0.00000000e+00  
    0.6900000000  1.47087100e+00  0.00000000e+00  
    0.6950000000  1.47077800e+00  0.00000000e+00  
    0.7000000000  1.47068600e+00  0.00000000e+00  
    0.7050000000  1.47059600e+00  0.00000000e+00  
    0.7100000000  1.47050800e+00  0.00000000e+00  
    0.7150000000  1.47042200e+00  0.00000000e+00  
    0.7200000000  1.47033800e+00  0.00000000e+00  
    0.7250000000  1.47025500e+00  0.00000000e+00  
    0.7300000000  1.47017400e+00  0.00000000e+00  
    0.7350000000  1.47009500e+00  0.00000000e+00  
    0.7400000000  1.47001800e+00  0.00000000e+00  
    0.7450000000  1.46994200e+00  0.00000000e+00  
    0.7500000000  1.46986700e+00  0.00000000e+00  
    0.7550000000  1.46979400e+00  0.00000000e+00  
    0.7600000000  1.46972300e+00  0.00000000e+00  
    0.7650000000  1.46965300e+00  0.00000000e+00  
    0.7700000000  1.46958400e+00  0.00000000e+00  
    0.7750000000  1.46951700e+00  0.00000000e+00  
    0.7800000000  1.46945100e+00  0.00000000e+00  
    0.7850000000  1.46938600e+00  0.00000000e+00  
    0.7900000000  1.46932300e+00  0.00000000e+00  
    0.7950000000  1.46926000e+00  0.00000000e+00  
    0.8000000000  1.46919900e+00  0.00000000e+00  
    0.8050000000  1.46913900e+00  0.00000000e+00  
    0.8100000000  1.46908000e+00  0.00000000e+00  
    0.8150000000  1.46902300e+00  0.00000000e+00  
    0.8200000000  1.46896600e+00  0.00000000e+00  
    0.8250000000  1.46891000e+00  0.00000000e+00  
    0.8300000000  1.46885500e+00  0.00000000e+00  
    0.8350000000  1.46880200e+00  0.00000000e+00  
    0.8400000000  1.46874900e+00  0.00000000e+00  
    0.8450000000  1.46869700e+00  0.00000000e+00  
    0.8500000000  1.46864600e+00  0.00000000e+00  
    0.8550000000  1.46859700e+00  0.00000000e+00  
    0.8600000000  1.46854700e+00  0.00000000e+00  
    0.8650000000  1.46849900e+00  0.00000000e+00  
    0.8700000000  1.46845200e+00  0.00000000e+00  
    0.8750000000  1.46840500e+00  0.00000000e+00  
    0.8800000000  1.46836000e+00  0.00000000e+00  
    0.8850000000  1.46831500e+00  0.00000000e+00  
    0.8900000000  1.46827000e+00  0.00000000e+00  
    0.8950000000  1.46822700e+00  0.00000000e+00  
    0.9000000000  1.46818400e+00  0.00000000e+00  
    0.9050000000  1.46814200e+00  0.00000000e+00  
    0.9100000000  1.46810100e+00  0.00000000e+00  
    0.9150000000  1.46806000e+00  0.00000000e+00  
    0.9200000000  1.46802000e+00  0.00000000e+00  
    0.9250000000  1.46798100e+00  0.00000000e+00  
    0.9300000000  1.46794200e+00  0.00000000e+00  
    0.9350000000  1.46790400e+00  0.00000000e+00  
    0.9400000000  1.46786600e+00  0.00000000e+00  
    0.9450000000  1.46783000e+00  0.00000000e+00  
    0.9500000000  1.46779300e+00  0.00000000e+00  
    0.9550000000  1.46775800e+00  0.00000000e+00  
    0.9600000000  1.46772200e+00  0.00000000e+00  
    0.9650000000  1.46768800e+00  0.00000000e+00  
    0.9700000000  1.46765400e+00  0.00000000e+00  
    0.9750000000  1.46762000e+00  0.00000000e+00  
    0.9800000000  1.46758700e+00  0.00000000e+00  
    0.9850000000  1.46755500e+00  0.00000000e+00  
    0.9900000000  1.46752300e+00  0.00000000e+00  
    0.9950000000  1.46749100e+00  0.00000000e+00  
    1.0000000000  1.46746000e+00  0.00000000e+00  
    1.0050000000  1.46742900e+00  0.00000000e+00  
    1.0100000000  1.46739900e+00  0.00000000e+00  
    1.0150000000  1.46736900e+00  0.00000000e+00  
    1.0200000000  1.46734000e+00  0.00000000e+00  
    1.0250000000  1.46731100e+00  0.00000000e+00  
    1.0300000000  1.46728300e+00  0.00000000e+00  
    1.0350000000  1.46725500e+00  0.00000000e+00  
    1.0400000000  1.46722700e+00  0.00000000e+00  
    1.0450000000  1.46720000e+00  0.00000000e+00  
    1.0500000000  1.46717300e+00  0.00000000e+00  
    1.0550000000  1.46714700e+00  0.00000000e+00  
    1.0600000000  1.46712100e+00  0.00000000e+00  
    1.0650000000  1.46709500e+00  0.00000000e+00  
    1.0700000000  1.46707000e+00  0.00000000e+00  
    1.0750000000  1.46704500e+00  0.00000000e+00  
    1.0800000000  1.46702000e+00  0.00000000e+00  
    1.0850000000  1.46699600e+00  0.00000000e+00  
    1.0900000000  1.46697200e+00  0.00000000e+00  
    1.0950000000  1.46694900e+00  0.00000000e+00  
    1.1000000000  1.46692500e+00  0.00000000e+00  
    1.1050000000  1.46690200e+00  0.00000000e+00  
    1.1100000000  1.46688000e+00  0.00000000e+00  
    1.1150000000  1.46685700e+00  0.00000000e+00  
    1.1200000000  1.46683500e+00  0.00000000e+00  
    1.1250000000  1.46681300e+00  0.00000000e+00  
    1.1300000000  1.46679200e+00  0.00000000e+00  
    1.1350000000  1.46677100e+00  0.00000000e+00  
    1.1400000000  1.46675000e+00  0.00000000e+00  
    1.1450000000  1.46672900e+00  0.00000000e+00  
    1.1500000000  1.46670900e+00  0.00000000e+00  
    1.1550000000  1.46668900e+00  0.00000000e+00  
    1.1600000000  1.46666900e+00  0.00000000e+00  
    1.1650000000  1.46664900e+00  0.00000000e+00  
    1.1700000000  1.46663000e+00  0.00000000e+00  
    1.1750000000  1.46661100e+00  0.00000000e+00  
    1.1800000000  1.46659200e+00  0.00000000e+00  
    1.1850000000  1.46657400e+00  0.00000000e+00  
    1.1900000000  1.46655500e+00  0.00000000e+00  
    1.1950000000  1.46653700e+00  0.00000000e+00  
    1.2000000000  1.46651900e+00  0.00000000e+00  
    1.2050000000  1.46650200e+00  0.00000000e+00  
    1.2100000000  1.46648400e+00  0.00000000e+00  
    1.2150000000  1.46646700e+00  0.00000000e+00  
    1.2200000000  1.46645000e+00  0.00000000e+00  
    1.2250000000  1.46643300e+00  0.00000000e+00  
    1.2300000000  1.46641600e+00  0.00000000e+00  
    1.2350000000  1.46640000e+00  0.00000000e+00  
    1.2400000000  1.46638400e+00  0.00000000e+00  
    1.2450000000  1.46636800e+00  0.00000000e+00  
    1.2500000000  1.46635200e+00  0.00000000e+00  
    1.2550000000  1.46633600e+00  0.00000000e+00  
    1.2600000000  1.46632100e+00  0.00000000e+00  
    1.2650000000  1.46630600e+00  0.00000000e+00  
    1.2700000000  1.46629000e+00  0.00000000e+00  
    1.2750000000  1.46627600e+00  0.00000000e+00  
    1.2800000000  1.46626100e+00  0.00000000e+00  
    1.2850000000  1.46624600e+00  0.00000000e+00  
    1.2900000000  1.46623200e+00  0.00000000e+00  
    1.2950000000  1.46621800e+00  0.00000000e+00  
    1.3000000000  1.46620400e+00  0.00000000e+00  
    1.3050000000  1.46619000e+00  0.00000000e+00  
    1.3100000000  1.46617600e+00  0.00000000e+00  
    1.3150000000  1.46616200e+00  0.00000000e+00  
    1.3200000000  1.46614900e+00  0.00000000e+00  
    1.3250000000  1.46613600e+00  0.00000000e+00  
    1.3300000000  1.46612300e+00  0.00000000e+00  
    1.3350000000  1.46611000e+00  0.00000000e+00  
    1.3400000000  1.46609700e+00  0.00000000e+00  
    1.3450000000  1.46608400e+00  0.00000000e+00  
    1.3500000000  1.46607100e+00  0.00000000e+00  
    1.3550000000  1.46605900e+00  0.00000000e+00  
    1.3600000000  1.46604700e+00  0.00000000e+00  
    1.3650000000  1.46603500e+00  0.00000000e+00  
    1.3700000000  1.46602300e+00  0.00000000e+00  
    1.3750000000  1.46601100e+00  0.00000000e+00  
    1.3800000000  1.46599900e+00  0.00000000e+00  
    1.3850000000  1.46598700e+00  0.00000000e+00  
    1.3900000000  1.46597600e+00  0.00000000e+00  
    1.3950000000  1.46596500e+00  0.00000000e+00  
    1.4000000000  1.46595300e+00  0.00000000e+00  
    1.4050000000  1.46594200e+00  0.00000000e+00  
    1.4100000000  1.46593100e+00  0.00000000e+00  
    1.4150000000  1.46592000e+00  0.00000000e+00  
    1.4200000000  1.46591000e+00  0.00000000e+00  
    1.4250000000  1.46589900e+00  0.00000000e+00  
    1.4300000000  1.46588800e+00  0.00000000e+00  
    1.4350000000  1.46587800e+00  0.00000000e+00  
    1.4400000000  1.46586800e+00  0.00000000e+00  
    1.4450000000  1.46585700e+00  0.00000000e+00  
    1.4500000000  1.46584700e+00  0.00000000e+00  
    1.4550000000  1.46583700e+00  0.00000000e+00  
    1.4600000000  1.46582700e+00  0.00000000e+00  
    1.4650000000  1.46581800e+00  0.00000000e+00  
    1.4700000000  1.46580800e+00  0.00000000e+00  
    1.4750000000  1.46579800e+00  0.00000000e+00  
    1.4800000000  1.46578900e+00  0.00000000e+00  
    1.4850000000  1.46577900e+00  0.00000000e+00  
    1.4900000000  1.46577000e+00  0.00000000e+00  
    1.4950000000  1.46576100e+00  0.00000000e+00  
    1.5000000000  1.46575200e+00  0.00000000e+00  
    1.5050000000  1.46574300e+00  0.00000000e+00  
    1.5100000000  1.46573400e+00  0.00000000e+00  
    1.5150000000  1.46572500e+00  0.00000000e+00  
    1.5200000000  1.46571600e+00  0.00000000e+00  
    1.5250000000  1.46570700e+00  0.00000000e+00  
    1.5300000000  1.46569900e+00  0.00000000e+00  
    1.5350000000  1.46569000e+00  0.00000000e+00  
    1.5400000000  1.46568200e+00  0.00000000e+00  
    1.5450000000  1.46567300e+00  0.00000000e+00  
    1.5500000000  1.46566500e+00  0.00000000e+00  
    1.5550000000  1.46565700e+00  0.00000000e+00  
    1.5600000000  1.46564900e+00  0.00000000e+00  
    1.5650000000  1.46564100e+00  0.00000000e+00  
    1.5700000000  1.46563300e+00  0.00000000e+00  
    1.5750000000  1.46562500e+00  0.00000000e+00  
    1.5800000000  1.46561700e+00  0.00000000e+00  
    1.5850000000  1.46560900e+00  0.00000000e+00  
    1.5900000000  1.46560200e+00  0.00000000e+00  
    1.5950000000  1.46559400e+00  0.00000000e+00  
    1.6000000000  1.46558700e+00  0.00000000e+00  
    1.6050000000  1.46557900e+00  0.00000000e+00  
    1.6100000000  1.46557200e+00  0.00000000e+00  
    1.6150000000  1.46556400e+00  0.00000000e+00  
    1.6200000000  1.46555700e+00  0.00000000e+00  
    1.6250000000  1.46555000e+00  0.00000000e+00  
    1.6300000000  1.46554300e+00  0.00000000e+00  
    1.6350000000  1.46553600e+00  0.00000000e+00  
    1.6400000000  1.46552900e+00  0.00000000e+00  
    1.6450000000  1.46552200e+00  0.00000000e+00  
    1.6500000000  1.46551500e+00  0.00000000e+00  
    1.6550000000  1.46550800e+00  0.00000000e+00  
    1.6600000000  1.46550200e+00  0.00000000e+00  
    1.6650000000  1.46549500e+00  0.00000000e+00  
    1.6700000000  1.46548800e+00  0.00000000e+00  
    1.6750000000  1.46548200e+00  0.00000000e+00  
    1.6800000000  1.46547500e+00  0.00000000e+00  
    1.6850000000  1.46546900e+00  0.00000000e+00  
    1.6900000000  1.46546200e+00  0.00000000e+00  
    1.6950000000  1.46545600e+00  0.00000000e+00  
    1.7000000000  1.46545000e+00  0.00000000e+00  
    1.7050000000  1.46544400e+00  0.00000000e+00  
    1.7100000000  1.46543800e+00  0.00000000e+00  
    1.7150000000  1.46543100e+00  0.00000000e+00  
    1.7200000000  1.46542500e+00  0.00000000e+00  
    1.7250000000  1.46541900e+00  0.00000000e+00  
    1.7300000000  1.46541300e+00  0.00000000e+00  
    1.7350000000  1.46540800e+00  0.00000000e+00  
    1.7400000000  1.46540200e+00  0.00000000e+00  
    1.7450000000  1.46539600e+00  0.00000000e+00  
    1.7500000000  1.46539000e+00  0.00000000e+00  
    1.7550000000  1.46538500e+00  0.00000000e+00  
    1.7600000000  1.46537900e+00  0.00000000e+00  
    1.7650000000  1.46537300e+00  0.00000000e+00  
    1.7700000000  1.46536800e+00  0.00000000e+00  
    1.7750000000  1.46536200e+00  0.00000000e+00  
    1.7800000000  1.46535700e+00  0.00000000e+00  
    1.7850000000  1.46535100e+00  0.00000000e+00  
    1.7900000000  1.46534600e+00  0.00000000e+00  
    1.7950000000  1.46534100e+00  0.00000000e+00  
    1.8000000000  1.46533500e+00  0.00000000e+00  
    1.8050000000  1.46533000e+00  0.00000000e+00  
    1.8100000000  1.46532500e+00  0.00000000e+00  
    1.8150000000  1.46532000e+00  0.00000000e+00  
    1.8200000000  1.46531500e+00  0.00000000e+00  
    1.8250000000  1.46531000e+00  0.00000000e+00  
    1.8300000000  1.46530500e+00  0.00000000e+00  
    1.8350000000  1.46530000e+00  0.00000000e+00  
    1.8400000000  1.46529500e+00  0.00000000e+00  
    1.8450000000  1.46529000e+00  0.00000000e+00  
    1.8500000000  1.46528500e+00  0.00000000e+00  
    1.8550000000  1.46528000e+00  0.00000000e+00  
    1.8600000000  1.46527500e+00  0.00000000e+00  
    1.8650000000  1.46527100e+00  0.00000000e+00  
    1.8700000000  1.46526600e+00  0.00000000e+00  
    1.8750000000  1.46526100e+00  0.00000000e+00  
    1.8800000000  1.46525700e+00  0.00000000e+00  
    1.8850000000  1.46525200e+00  0.00000000e+00  
    1.8900000000  1.46524800e+00  0.00000000e+00  
    1.8950000000  1.46524300e+00  0.00000000e+00  
    1.9000000000  1.46523900e+00  0.00000000e+00  
    1.9050000000  1.46523400e+00  0.00000000e+00  
    1.9100000000  1.46523000e+00  0.00000000e+00  
    1.9150000000  1.46522500e+00  0.00000000e+00  
    1.9200000000  1.46522100e+00  0.00000000e+00  
    1.9250000000  1.46521700e+00  0.00000000e+00  
    1.9300000000  1.46521200e+00  0.00000000e+00  
    1.9350000000  1.46520800e+00  0.00000000e+00  
    1.9400000000  1.46520400e+00  0.00000000e+00  
    1.9450000000  1.46520000e+00  0.00000000e+00  
    1.9500000000  1.46519600e+00  0.00000000e+00  
    1.9550000000  1.46519200e+00  0.00000000e+00  
    1.9600000000  1.46518700e+00  0.00000000e+00  
    1.9650000000  1.46518300e+00  0.00000000e+00  
    1.9700000000  1.46517900e+00  0.00000000e+00  
    1.9750000000  1.46517500e+00  0.00000000e+00  
    1.9800000000  1.46517100e+00  0.00000000e+00  
    1.9850000000  1.46516700e+00  0.00000000e+00  
    1.9900000000  1.46516400e+00  0.00000000e+00  
    1.9950000000  1.46516000e+00  0.00000000e+00  
    2.0000000000  1.46515600e+00  0.00000000e+00  
    2.0050000000  1.46515200e+00  0.00000000e+00  
    2.0100000000  1.46514800e+00  0.00000000e+00  
    2.0150000000  1.46514500e+00  0.00000000e+00  
    2.0200000000  1.46514100e+00  0.00000000e+00  
    2.0250000000  1.46513700e+00  0.00000000e+00  
    2.0300000000  1.46513300e+00  0.00000000e+00  
    2.0350000000  1.46513000e+00  0.00000000e+00  
    2.0400000000  1.46512600e+00  0.00000000e+00  
    2.0450000000  1.46512300e+00  0.00000000e+00  
    2.0500000000  1.46511900e+00  0.00000000e+00  
    2.0550000000  1.46511500e+00  0.00000000e+00  
    2.0600000000  1.46511200e+00  0.00000000e+00  
    2.0650000000  1.46510800e+00  0.00000000e+00  
    2.0700000000  1.46510500e+00  0.00000000e+00  
    2.0750000000  1.46510200e+00  0.00000000e+00  
    2.0800000000  1.46509800e+00  0.00000000e+00  
    2.0850000000  1.46509500e+00  0.00000000e+00  
    2.0900000000  1.46509100e+00  0.00000000e+00  
    2.0950000000  1.46508800e+00  0.00000000e+00  
    2.1000000000  1.46508500e+00  0.00000000e+00  
    2.1050000000  1.46508100e+00  0.00000000e+00  
    2.1100000000  1.46507800e+00  0.00000000e+00  
    2.1150000000  1.46507500e+00  0.00000000e+00  
    2.1200000000  1.46507200e+00  0.00000000e+00  
    2.1250000000  1.46506900e+00  0.00000000e+00  
    2.1300000000  1.46506500e+00  0.00000000e+00  
    2.1350000000  1.46506200e+00  0.00000000e+00  
    2.1400000000  1.46505900e+00  0.00000000e+00  
    2.1450000000  1.46505600e+00  0.00000000e+00  
    2.1500000000  1.46505300e+00  0.00000000e+00  
    2.1550000000  1.46505000e+00  0.00000000e+00  
    2.1600000000  1.46504700e+00  0.00000000e+00  
    2.1650000000  1.46504400e+00  0.00000000e+00  
    2.1700000000  1.46504100e+00  0.00000000e+00  
    2.1750000000  1.46503800e+00  0.00000000e+00  
    2.1800000000  1.46503500e+00  0.00000000e+00  
    2.1850000000  1.46503200e+00  0.00000000e+00  
    2.1900000000  1.46502900e+00  0.00000000e+00  
    2.1950000000  1.46502600e+00  0.00000000e+00  
    2.2000000000  1.46502300e+00  0.00000000e+00  
    2.2050000000  1.46502000e+00  0.00000000e+00  
    2.2100000000  1.46501700e+00  0.00000000e+00  
    2.2150000000  1.46501500e+00  0.00000000e+00  
    2.2200000000  1.46501200e+00  0.00000000e+00  
    2.2250000000  1.46500900e+00  0.00000000e+00  
    2.2300000000  1.46500600e+00  0.00000000e+00  
    2.2350000000  1.46500300e+00  0.00000000e+00  
    2.2400000000  1.46500100e+00  0.00000000e+00  
    2.2450000000  1.46499800e+00  0.00000000e+00  
    2.2500000000  1.46499500e+00  0.00000000e+00  
    2.2550000000  1.46499300e+00  0.00000000e+00  
    2.2600000000  1.46499000e+00  0.00000000e+00  
    2.2650000000  1.46498700e+00  0.00000000e+00  
    2.2700000000  1.46498500e+00  0.00000000e+00  
    2.2750000000  1.46498200e+00  0.00000000e+00  
    2.2800000000  1.46498000e+00  0.00000000e+00  
    2.2850000000  1.46497700e+00  0.00000000e+00  
    2.2900000000  1.46497400e+00  0.00000000e+00  
    2.2950000000  1.46497200e+00  0.00000000e+00  
    2.3000000000  1.46496900e+00  0.00000000e+00  
    2.3050000000  1.46496700e+00  0.00000000e+00  
    2.3100000000  1.46496400e+00  0.00000000e+00  
    2.3150000000  1.46496200e+00  0.00000000e+00  
    2.3200000000  1.46495900e+00  0.00000000e+00  
    2.3250000000  1.46495700e+00  0.00000000e+00  
    2.3300000000  1.46495500e+00  0.00000000e+00  
    2.3350000000  1.46495200e+00  0.00000000e+00  
    2.3400000000  1.46495000e+00  0.00000000e+00  
    2.3450000000  1.46494700e+00  0.00000000e+00  
    2.3500000000  1.46494500e+00  0.00000000e+00  
    2.3550000000  1.46494300e+00  0.00000000e+00  
    2.3600000000  1.46494000e+00  0.00000000e+00  
    2.3650000000  1.46493800e+00  0.00000000e+00  
    2.3700000000  1.46493600e+00  0.00000000e+00  
    2.3750000000  1.46493300e+00  0.00000000e+00  
    2.3800000000  1.46493100e+00  0.00000000e+00  
    2.3850000000  1.46492900e+00  0.00000000e+00  
    2.3900000000  1.46492700e+00  0.00000000e+00  
    2.3950000000  1.46492400e+00  0.00000000e+00  
    2.4000000000  1.46492200e+00  0.00000000e+00  
    2.4050000000  1.46492000e+00  0.00000000e+00  
    2.4100000000  1.46491800e+00  0.00000000e+00  
    2.4150000000  1.46491600e+00  0.00000000e+00  
    2.4200000000  1.46491300e+00  0.00000000e+00  
    2.4250000000  1.46491100e+00  0.00000000e+00  
    2.4300000000  1.46490900e+00  0.00000000e+00  
    2.4350000000  1.46490700e+00  0.00000000e+00  
    2.4400000000  1.46490500e+00  0.00000000e+00  
    2.4450000000  1.46490300e+00  0.00000000e+00  
    2.4500000000  1.46490100e+00  0.00000000e+00  
    2.4550000000  1.46489900e+00  0.00000000e+00  
    2.4600000000  1.46489700e+00  0.00000000e+00  
    2.4650000000  1.46489500e+00  0.00000000e+00  
    2.4700000000  1.46489200e+00  0.00000000e+00  
    2.4750000000  1.46489000e+00  0.00000000e+00  
    2.4800000000  1.46488800e+00  0.00000000e+00  
    2.4850000000  1.46488600e+00  0.00000000e+00  
    2.4900000000  1.46488400e+00  0.00000000e+00  
    2.4950000000  1.46488200e+00  0.00000000e+00  
    2.5000000000  1.46488100e+00  0.00000000e+00  
